3942 3135
3878 3012
3603 2838
3867 2804
3667 2915
3577 2702
3756 3456
3982 3119
3562 3435
3569 3477
3692 3040
3614 3388
3968 3186
3590 3261
3554 3276
3964 2779
3516 2622
3621 3177
3706 3179
3770 3348
3910 3000
3687 2545
3742 2506
3669 3162
3971 2752
3630 2679
3869 2906
3511 3312
3782 3319
3625 2969
3955 3402
3636 2669
3720 3077
3991 2653
3970 2956
3591 2995
3780 3138
3725 2583
3517 3062
3908 3397
3677 3134
3827 3188
3907 2910
3745 2808
3843 2864
3658 2812
3679 2767
3531 3457
3539 3190
3989 2802
3695 3215
3952 2919
3976 1989
3694 3453
3821 3130
3734 3467
3855 2673
3595 2654
3993 3419
3854 3399
3576 2895
3731 3355
3947 3418
3950 2667
3889 3069
3712 2567
3627 2913
3934 3112
3722 3226
3639 3446
3515 2580
3933 2517
3549 2874
3983 2829
3856 2648
3927 3416
3978 2875
7202 3602
3798 3185
3848 2676
3791 3087
3973 3420
3597 3414
3581 3283
3697 2600
3616 3139
3750 2566
3534 3495
3929 2872
3957 3219
3894 3191
3678 3458
3835 3463
3749 3243
3555 2693
3613 2620
3822 3131
3578 2733
3985 2528
3926 3436
3833 2594
3727 2646
3586 3369
3631 2670
3668 2929
3949 3011
3519 2660
3735 2785
3657 2987
3700 3702
3665 2844
3640 2863
3872 2652
3674 3352
3643 2578
3509 2686
3992 2665
3567 3385
3533 2790
3560 2810
3995 3155
3997 3167
3801 3207
3959 3404
3976 3035
3602 3285
3881 3449
3836 2715
3994 3269
3663 3489
3817 2950
3888 3015
3628 2510
3851 2811
3919 3405
3684 2703
3729 3049
3783 3480
3680 2835
3758 2568
3792 3100
3754 2964
3875 3284
3951 2709
3550 3438
3814 2771
3563 2614
3853 2576
3900 3237
3899 2581
3975 3152
3945 2731
3505 2621
3571 3293
3996 2524
3660 3026
3709 2917
3762 2902
3935 3255
3834 3406
3896 3066
3525 3218
3895 3020
3683 3379
3714 2880
3883 3323
3905 2938
3526 2963
3527 3326
3784 2587
3781 2826
3911 2515
3800 3244
3852 2526
3685 2984
3634 2656
3579 2579
3701 3125
3779 2934
7200 3601
3548 2965
3629 2552
3864 3450
3865 2711
3611 3439
3594 2780
3939 2988
3733 2732
3882 3354
3624 3223
3671 2770
3654 3085
3857 3082
3606 3392
3795 2688
3688 3021
3984 3381
3753 2976
3840 2879
3551 3006
3626 2722
3879 3472
3583 2905
3790 3327
3637 3349
3566 2692
3838 3027
3737 2502
3664 2735
3877 2792
3860 2758
3523 3181
3513 3222
3806 2719
3530 3046
3805 3010
3719 3105
3925 3072
3953 2644
3704 3158
3672 3270
3794 2762
3615 2627
3670 3278
3748 2591
3969 2941
3880 3259
3647 3120
3766 3180
3785 2769
3768 2827
3642 3289
3738 2766
3504 2619
3912 2593
3585 3176
3812 2849
3574 2794
3998 3189
3686 3153
3743 3407
3623 3217
3752 2817
3788 3410
3565 3210
3659 3377
3682 3054
3651 2948
3596 2881
3958 3019
3653 3468
3944 2615
3707 3262
3961 2787
3610 2513
3903 2997
3652 3351
3740 2831
3601 3147
3718 3294
3986 2658
3760 2662
3845 3123
3862 2924
3705 2629
3979 3494
3759 3028
3832 3464
3700 3196
3965 3328
3874 2564
3723 3038
3732 3081
3804 2847
3699 3390
3711 2643
3765 3141
3690 2746
3771 3102
3987 3043
3966 2816
3559 2701
3633 2949
3796 3113
3887 2647
3708 3148
3810 2548
3522 2504
3693 3339
3600 2936
3609 2954
3787 2747
3940 3171
3962 2734
3599 2833
3828 2841
3561 2996
3988 3156
3977 3053
3918 2723
3506 3209
3789 3500
3938 2975
3564 3173
3803 3224
3891 3359
3518 3428
3676 2799
3849 2887
3902 2777
3622 3343
3648 3140
3777 2741
3921 3413
3956 2884
3808 2991
3813 3374
3799 3128
3931 3150
3884 2900
3863 2555
3932 2907
3963 3317
3632 3031
3866 3074
3786 2914
3776 2616
3662 2570
3721 3315
3764 3308
3747 3142
3990 3366
3815 3497
3645 3114
3830 2553
3593 2783
3700 3700
3544 2604
3604 3094
3837 3470
3915 3417
3873 2635
3885 3260
3916 3288
3841 3412
3587 3129
3514 3275
3700 3701
3617 2575
3943 3137
3831 3479
3501 2901
3886 3068
3739 3350
3829 2677
3913 3045
10 10
3890 3281
3980 3233
3589 3164
3767 2592
3811 3440
3904 2920
3556 3126
3820 3368
3698 3254
3510 2596
3736 3115
3655 2642
3542 3201
3809 2836
3547 3203
3568 3192
3666 3378
3746 3372
3520 3376
3772 3095
3793 3373
3528 2793
3730 2985
3871 3133
3846 3220
3638 2928
3635 2725
3816 2856
3503 3469
3859 2690
3715 3042
3703 2925
3769 2940
3842 3393
3675 2982
3960 3236
3540 2531
3710 2533
3928 3287
3823 2577
3898 3213
3607 3154
3923 2624
3619 2791
3650 3320
3917 3198
3524 2960
3954 3032
3974 3048
3850 2909
3797 3247
3588 2993
3656 2760
3761 2899
3598 2775
3552 2618
3755 2501
3906 2500
3724 2527
3553 3290
3802 3161
4000 2952
3999 2640
3605 3422
3914 2728
3521 2638
3620 2560
3922 3291
3868 2546
3573 3013
3897 2521
3981 3434
3757 2534
3716 2571
3537 2882
3582 3432
3972 2958
3763 2757
3535 2663
3818 3445
3646 3187
3575 2867
3930 3227
3641 2994
3839 2842
3546 2865
3924 2671
3681 3051
3512 3486
3543 2932
3807 3199
3649 2957
3948 3039
3532 2657
3541 2959
3744 3169
3502 2896
3824 2768
3557 2946
3751 3157
3691 2773
3774 3235
3726 2939
3612 2933
3909 2559
3570 3330
3920 2704
3580 2947
3844 2530
3508 2522
3937 2858
3696 3251
3819 3295
3673 3426
3775 3202
3728 3481
3870 2859
3826 3471
3901 2750
3861 2512
3713 3078
3529 2821
3558 3017
3946 3356
3538 3482
3702 3033
3661 2745
3773 3080
3689 3057
3592 2973
3608 3331
3893 2764
3507 2516
3536 3329
3941 2890
3545 2942
3858 2705
7198 3600
3618 3345
3825 2782
3572 2823
3741 2837
3967 2818
3717 2903
3876 3097